# Cartesian Hessian for H2O in hartree/bohr^2; order O(x,y,z), H(x,y,z), H(x,y,z)
6.237814627315e-01 3.083786208289e-17 0.000000000000e+00 -3.118907313658e-01 -2.414116295764e-01 0.000000000000e+00 -3.118907313658e-01 2.414116295764e-01 0.000000000000e+00
3.083786208289e-17 4.271127352918e-01 0.000000000000e+00 -1.853460047521e-01 -2.135563676459e-01 0.000000000000e+00 1.853460047521e-01 -2.135563676459e-01 0.000000000000e+00
0.000000000000e+00 0.000000000000e+00 0.000000000000e+00 0.000000000000e+00 0.000000000000e+00 0.000000000000e+00 0.000000000000e+00 0.000000000000e+00 0.000000000000e+00
-3.118907313658e-01 -1.853460047521e-01 0.000000000000e+00 3.392577953250e-01 2.133788171643e-01 0.000000000000e+00 -2.736706395925e-02 -2.803281241211e-02 0.000000000000e+00
-2.414116295764e-01 -2.135563676459e-01 0.000000000000e+00 2.133788171643e-01 2.002076593311e-01 0.000000000000e+00 2.803281241211e-02 1.334870831481e-02 0.000000000000e+00
0.000000000000e+00 0.000000000000e+00 0.000000000000e+00 0.000000000000e+00 0.000000000000e+00 0.000000000000e+00 0.000000000000e+00 0.000000000000e+00 0.000000000000e+00
-3.118907313658e-01 1.853460047521e-01 0.000000000000e+00 -2.736706395925e-02 2.803281241211e-02 0.000000000000e+00 3.392577953250e-01 -2.133788171643e-01 0.000000000000e+00
2.414116295764e-01 -2.135563676459e-01 0.000000000000e+00 -2.803281241211e-02 1.334870831481e-02 0.000000000000e+00 -2.133788171643e-01 2.002076593311e-01 0.000000000000e+00
0.000000000000e+00 0.000000000000e+00 0.000000000000e+00 0.000000000000e+00 0.000000000000e+00 0.000000000000e+00 0.000000000000e+00 0.000000000000e+00 0.000000000000e+00
